2
group 2 536 536
group 2 536 536
group 2 536 536
sctn
211 184 212 117 536 536
Black 9
trn
213 123 233 137 536 536
Black 9
214 148
elps
134 120 176 197 536 536
Black 9
elps
35 117 90 199 536 536
Black 9
group 2 536 536
group 2 536 536
group 2 536 536
group 2 536 536
sctn
45 236 31 325 536 536
Blue 9
sctn
98 318 36 315 536 536
Blue 9
elps
137 238 174 318 536 536
Blue 9
group 2 536 536
sctn
198 240 232 317 536 536
Blue 9
sctn
257 240 235 309 536 536
Blue 9
group 2 536 536
group 2 536 536
group 2 536 536
sctn
326 247 277 244 536 536
Blue 9
sctn
277 319 281 244 536 536
Blue 9
sctn
318 282 279 281 536 536
Blue 9
sctn
279 318 322 317 536 536
Blue 9
